[config]
xDimensions = 10
yDimensions = 10
numEpisodes=100
maxTimesteps=100
numAgents=2
alpha=0.3
alphaDecayRate=0.5
gamma=0.95
epsilon=0.2
alphaDecays=False
epsilonDecays=False
epsilonDecayRate=0.5
agent1StartXY = [0, 0]
agent2StartXY = [9, 0]
goal1LocationXY = [9, 9]
goal2LocationXY = [0, 9]
obstacles = [
    [0, 0, 0, 1, 0, 0, 1, 0, 1, 0],
    [0, 1, 0, 1, 0, 0, 0, 0, 1, 0],
    [0, 1, 0, 0, 0, 0, 1, 0, 1, 0],
    [0, 0, 1, 1, 0, 0, 1, 0, 0, 0],
    [1, 1, 1, 1, 0, 0, 1, 1, 1, 1],
	[1, 1, 1, 1, 0, 0, 1, 1, 1, 1],
    [0, 0, 1, 1, 0, 0, 1, 0, 0, 0],
    [0, 1, 0, 0, 0, 0, 1, 0, 1, 0],
    [0, 1, 0, 1, 0, 0, 0, 0, 1, 0],
    [0, 0, 0, 1, 0, 0, 1, 0, 1, 0],
 ]
PBRS1 = [
    [78, 79, 80,  0, 82, 83,  0, 81,  0, 75],
    [77,  0, 81,  0, 83, 84, 83, 82,  0, 76],
    [76,  0, 82, 83, 84, 85,  0, 81,  0, 77],
    [75, 74,  0,  0, 85, 86,  0, 80, 79, 78],
    [ 0,  0,  0,  0, 86, 87,  0,  0,  0,  0],
    [ 0,  0,  0,  0, 87, 88,  0,  0,  0,  0],
    [80, 79,  0,  0, 88, 89,  0, 95, 96, 97],
    [81,  0, 87, 88, 89, 90,  0, 94,  0, 98],
    [82,  0, 86,  0, 90, 91, 92, 93,  0, 99],
    [83, 84, 85,  0, 89, 90,  0, 92,  0, 100]
 ]
PBRS2 = [
    [83, 84, 85,  0, 89, 90,  0, 92,  0, 100],
    [82,  0, 86,  0, 90, 91, 92, 93,  0, 99],
    [81,  0, 87, 88, 89, 90,  0, 94,  0, 98],
    [80, 79,  0,  0, 88, 89,  0, 95, 96, 97],
    [ 0,  0,  0,  0, 87, 88,  0,  0,  0,  0],
    [ 0,  0,  0,  0, 86, 87,  0,  0,  0,  0],
    [75, 74,  0,  0, 85, 86,  0, 80, 79, 78],
    [76,  0, 82, 83, 84, 85,  0, 81,  0, 77],
    [77,  0, 81,  0, 83, 84, 83, 82,  0, 76],
    [78, 79, 80,  0, 82, 83,  0, 81,  0, 75]
 ]