[config]
xDimensions = 10
yDimensions = 10
numEpisodes=100
maxTimesteps=100
numAgents=2
alpha=0.3
alphaDecayRate=0.5
gamma=0.95
epsilon=0.2
alphaDecays=False
epsilonDecays=False
epsilonDecayRate=0.5
agent1StartXY = [0, 0]
agent2StartXY = [9, 0]
goal1LocationXY = [9, 9]
goal2LocationXY = [0, 9]
obstacles = [
    [0, 0, 0, 0, 0, 0, 0, 0, 0, 0],
    [0, 0, 0, 0, 0, 0, 0, 0, 0, 0],
    [0, 0, 0, 0, 0, 0, 0, 0, 0, 0],
    [0, 0, 0, 0, 0, 0, 0, 0, 0, 0],
    [1, 1, 1, 1, 0, 0, 1, 1, 1, 1],
	[1, 1, 1, 1, 0, 0, 1, 1, 1, 1],
    [0, 0, 0, 0, 0, 0, 0, 0, 0, 0],
    [0, 0, 0, 0, 0, 0, 0, 0, 0, 0],
    [0, 0, 0, 0, 0, 0, 0, 0, 0, 0],
    [0, 0, 0, 0, 0, 0, 0, 0, 0, 0],
 ]
PBRS1 = [
    [82, 83, 84, 85, 86, 87, 86, 85, 84, 83],
    [83, 84, 85, 86, 87, 88, 87, 86, 85, 84],
    [84, 85, 86, 87, 88, 89, 88, 87, 86, 85],
    [85, 86, 87, 88, 89, 90, 89, 88, 87, 86],
    [0,  0,  0,  0, 90, 91, 0, 0,  0,  0],
    [0,  0,  0,  0, 91, 92, 0, 0,  0,  0],
    [88, 89, 90, 91, 92, 93, 94, 95, 96, 97],
    [89, 90, 91, 92, 93, 94, 95, 96, 97, 98],
    [90, 91, 92, 93, 94, 95, 96, 97, 98, 99],
    [91, 92, 93, 94, 95, 96, 97, 98, 99, 100]
 ]
PBRS2 =[
    [91, 92, 93, 94, 95, 96, 97, 98, 99, 100],
    [90, 91, 92, 93, 94, 95, 96, 97, 98,  99],
    [89, 90, 91, 92, 93, 94, 95, 96, 97,  98],
    [88, 89, 90, 91, 92, 93, 94, 95, 96,  97],
    [0,  0,  0,  0, 91, 92, 0,  0,  0,  0],
    [0,  0,  0,  0, 90, 91, 0,  0,  0,  0],
    [85, 86, 87, 88, 89, 90, 89, 88, 87, 86],
    [84, 85, 86, 87, 88, 89, 88, 87, 86, 85],
    [83, 84, 85, 86, 87, 88, 87, 86, 85, 84],
    [82, 83, 84, 85, 86, 87, 86, 85, 84, 83]
 ]


