[config]
xDimensions = 10
yDimensions = 10
numEpisodes=100
maxTimesteps=100
numAgents=2
alpha=0.3
alphaDecayRate=0.5
gamma=0.95
epsilon=0.2
alphaDecays=False
epsilonDecays=False
epsilonDecayRate=0.5
agent1StartXY = [0, 0]
agent2StartXY = [9, 0]
goal1LocationXY = [9, 9]
goal2LocationXY = [0, 9]
obstacles = [
    [0, 0, 0, 1, 0, 0, 1, 0, 1, 0],
    [0, 1, 0, 1, 0, 0, 0, 0, 1, 0],
    [0, 1, 0, 0, 0, 1, 1, 0, 1, 0],
    [0, 0, 1, 1, 0, 0, 1, 0, 0, 0],
    [1, 1, 1, 1, 1, 0, 1, 1, 1, 1],
	[1, 1, 1, 1, 1, 0, 1, 1, 1, 1],
    [0, 0, 1, 1, 0, 0, 1, 0, 0, 0],
    [0, 1, 0, 0, 0, 1, 1, 0, 1, 0],
    [0, 1, 0, 1, 0, 0, 0, 0, 1, 0],
    [0, 0, 0, 1, 0, 0, 1, 0, 1, 0],
 ]
PBRS1 = [
    [76, 77, 78,  0, 80, 79,  0, 77,  0, 71],
    [75,  0, 79,  0, 81, 80, 79, 78,  0, 72],
    [74,  0, 80, 81, 82,  0,  0, 77,  0, 73],
    [73, 72,  0,  0, 83, 84,  0, 76, 75, 74],
    [ 0,  0,  0,  0,  0, 85,  0,  0,  0,  0],
    [ 0,  0,  0,  0,  0, 86,  0,  0,  0,  0],
    [80, 79,  0,  0, 88, 87,  0, 95, 96, 97],
    [81,  0, 87, 88, 89,  0,  0, 94,  0, 98],
    [82,  0, 86,  0, 90, 91, 92, 93,  0, 99],
    [83, 84, 85,  0, 89, 90,  0, 92,  0, 100]
 ]
PBRS2 = [
    [83, 84, 85,  0, 89, 90,  0, 92,  0, 100],
    [82,  0, 86,  0, 90, 91, 92, 93,  0, 99],
    [81,  0, 87, 88, 89,  0,  0, 94,  0, 98],
    [80, 79,  0,  0, 88, 87,  0, 95, 96, 97],
    [ 0,  0,  0,  0,  0, 86,  0,  0,  0,  0],
    [ 0,  0,  0,  0,  0, 85,  0,  0,  0,  0],
    [73, 72,  0,  0, 83, 84,  0, 76, 75, 74],
    [74,  0, 80, 81, 82,  0,  0, 77,  0, 73],
    [75,  0, 79,  0, 81, 80, 79, 78,  0, 72],
    [76, 77, 78,  0, 80, 79,  0, 77,  0, 71]
 ]

