[config]
xDimensions = 10
yDimensions = 10
numEpisodes=100
maxTimesteps=100
numAgents=2
alpha=0.3
alphaDecayRate=0.5
gamma=0.95
epsilon=0.2
epsilonDecayRate=0.5
agent1StartXY = [0, 0]
agent2StartXY = [9, 0]
goal1LocationXY = [9, 9]
goal2LocationXY = [0, 9]
obstacles = [
    [0, 0, 0, 1, 0, 0, 1, 0, 1, 0],
    [0, 1, 0, 0, 0, 0, 0, 0, 1, 0],
    [0, 1, 0, 0, 0, 0, 0, 0, 1, 0],
    [0, 0, 0, 1, 0, 0, 1, 0, 0, 0],
    [1, 1, 1, 1, 0, 0, 1, 1, 1, 1],
	[1, 1, 1, 1, 0, 0, 1, 1, 1, 1],
    [0, 0, 0, 1, 0, 0, 1, 0, 0, 0],
    [0, 1, 0, 0, 0, 0, 0, 0, 1, 0],
    [0, 1, 0, 0, 0, 0, 0, 0, 1, 0],
    [0, 0, 0, 1, 0, 0, 1, 0, 1, 0],
 ]
PBRS1 = [
    [80, 81, 82,  0, 84, 85,  0, 83,  0, 79],
    [79,  0, 83, 84, 85, 86, 85, 84,  0, 80],
    [80,  0, 84, 85, 86, 87, 86, 85,  0, 81],
    [81, 82, 83,  0, 87, 88,  0, 84, 83, 82],
    [ 0,  0,  0,  0, 88, 89,  0,  0,  0,  0],
    [ 0,  0,  0,  0, 89, 90,  0,  0,  0,  0],
    [86, 87, 88,  0, 90, 91,  0, 95, 96, 97],
    [85,  0, 89, 90, 91, 92, 93, 94,  0, 98],
    [84,  0, 88, 89, 90, 91, 92, 93,  0, 99],
    [85, 86, 87,  0, 89, 90,  0, 92,  0, 100]
 ]
PBRS2 = [
    [85, 86, 87,  0, 89, 90,  0, 92,  0, 100],
    [84,  0, 88, 89, 90, 91, 92, 93,  0, 99],
    [85,  0, 89, 90, 91, 92, 93, 94,  0, 98],
    [86, 87, 88,  0, 90, 91,  0, 95, 96, 97],
    [ 0,  0,  0,  0, 89, 90,  0,  0,  0,  0],
    [ 0,  0,  0,  0, 88, 89,  0,  0,  0,  0],
    [81, 82, 83,  0, 87, 88,  0, 84, 83, 82],
    [80,  0, 84, 85, 86, 87, 86, 85,  0, 81],
    [79,  0, 83, 84, 85, 86, 85, 84,  0, 80],
    [80, 81, 82,  0, 84, 85,  0, 83,  0, 79]
 ]
